1235167417
1533089575
3187467620
1460233258
2483591225
1958845934
3543264010
3045268825
1165024490
1498045580
716158841
2221742649
4283492419
2165575362
591992335
3912486000
4256832664
3493799056
1992898462
3504266534
3897300199
1651325273
337996328
1364236333
1807561663
2290269706
3223942290
2622920474
747631573
3472818847
3738842323
2167568036
3230274022
505429876
1590307987
2055239156
811178432
1981403624
3441842007
215817420
2963469429
2785092693
3865088132
3115790439
3477191780
828393580
3322754167
4077229354
1942251313
388021228
910561828
43004624
1355870261
485635270
1198617129
677565512
2189332636
1173098906
1162707834
760590009
1596299884
2811974072
3640824327
1289004967
808556312
819848909
2933625369
2229951252
830109446
3911847813
3241944790
2362799076
2601770144
959410406
1279801010
726123739
2746416183
3542354043
3537632721
1816699334
4180439684
407960564
3673051983
3295399353
3065351431
84250932
3387140417
241031702
3892927076
2135039149
3470217385
1679185936
2819294577
991257671
4252948175
4078925341
1850129311
1237495856
2229491312
3960568580
2264720671
2178617885
423621274
189471907
3974342721
3236393840
1431899775
2107519265
3391285932
1874243871
690889113
1326841339
3783671428
3460611528
3593335874
705267254
3877482219
3708750967
2243764836
789693809
379348558
283256552
3673236097
989155180
2876509455
1550149155
32375621
1275258479
1434840331
32998076
905818827
1474270049
1821409815
2845640199
2066012853
346904005
1500426131
3025716163
2605966256
2186852927
553797290
1632905672
2982993553
1655613559
820308919
1199779637
2668604731
1201970696
177630202
2794613043
1063753683
4203290228
1484424992
530189334
3324925505
4228636654
3866876496
561044097
657090380
1680623609
2980232254
3463775290
2437092384
2020815826
2748345888
2984307963
3836526995
892521321
4069565075
2191404376
1425915466
1641161732
1323888578
987819211
2235382197
1539806567
2882766141
966271382
1063577613
616188872
1589943084
871428216
3885305624
4137127768
3709133377
2685081292
3271014625
375127982
1069611528
353345229
3953431105
144857292
3103156706
3700207837
1329498928
422547571
3688622148
3361459370
3725446765
1622551539
3380570025
1326691697
324108907
556759202
286815477
2646977924
2556636661
3972465259
3779203434
1802699281
3953858219
709177878
3623404292
106169468
4098372979
3191088676
3841373758
1675101858
3237793754
692094367
3518290714
7029661
1005980694
1325566571
1725354089
3236367539
3594319028
464190943
3810879932
3621564358
501418892
3853144607
625915324
2738958167
4293178370
67895688
3998826331
986604399
4166316752
2097501765
2435634760
2602109850
1372304942
3542373332
1933085693
1409627548
3426775317
3117980272
2852818990
3823007332
3776926896
203248042
4210615349
1310724299
3813499136
2902605860
328888433
2250720699
1196393884
3126437952
3458931220
1148735034
3038217938
1070586517
365086445
3379059347
1859804739
2571960504
1555238758
657717798
357658160
819740221
2014342097
2979376564
2337610610
732139884
2154569927
1805314883
4135930602
1265847968
694604647
1410260642
1528262559
135847507
1344556225
1941525606
1854407207
1339285407
4283811321
2466057054
2895545611
2214669016
915204860
2763816832
3263907873
3466074192
434832554
963898392
3649753738
2432817236
2027966951
3798848988
4274396536
661405243
1301541600
2631061598
1061657157
2694766782
2841678368
2134925421
2073515651
3355615869
1182330404
258001107
2674122827
762200401
3603946722
1522933203
1727895052
325786870
258046573
710387419
2418833248
3196271894
428043579
2521120821
485649804
2144088060
2549844101
3424528503
3393442445
1802868129
2673980671
1058723823
1836136069
2425219267
3446774827
965644315
3417285226
3285572606
1367094323
860941587
3587578252
111182052
2305549223
114522171
259006216
1999927200
1698946192
1222637159
3335148867
714516509
1999863530
3785541102
176429196
2476061649
413177565
1049799469
203696815
3502776491
2931539075
721351141
1714546544
352081931
2445140399
1177120470
1820567273
783144933
3382051376
1567870707
1426276618
3304142390
1385416993
3132207881
1564048766
3863628708
930960842
2796035327
4050466845
1644889711
1423039740
3036046358
1912809555
3475092354
3385719582
392201746
2095155827
3622529097
2554339085
1104378725
3345757237
3164038703
1555985379
32811116
2554393383
32620631
4277954419
2409746783
3631108426
1427753446
1254408305
1432402106
3501888741
285562711
782476260
640159697
151972183
1279684352
3199281730
4013615420
3101996415
4204874703
2345645560
1298976626
2358042161
1466440817
2723587801
2670425964
11317449
2379327523
2473054827
918201140
3921366410
545317391
474325382
3195179483
1243629026
2295509147
2122191313
44426728
1938781255
342095751
2891503058
699416398
882007973
3461695649
3129937926
3200240345
1666699242
1216738651
3483810514
2206356771
3976512795
2678627526
3217647983
817370262
402996638
856887615
1347393045
1950306903
1205105545
4021231385
1474980072
1945298002
3053775724
2147695940
262924579
1019347140
2893871863
1110840047
1260025781
466571388
3075202807
879740610
172472669
3200196052
226548865
2916341770
2424061079
2715714958
2081319027
2482053376
2640009958
3412888780
918968718
1267892724
3950676227
1411806635
1611079530
3182278470
3785636966
2545666734
2506033342
1268597743
794565350
2446308283
1902086793
4155800168
1750478212
1970215176
1110439357
536525087
2783872099
1562023677
1884899628
3556793664
1130499713
844688900
2217450512
1364831239
3394032393
441399095
242682363
4117120228
4119314374
3865245812
2654472446
904624204
2512831627
1420080674
1883625635
265617005
3655407144
601054671
854524713
1895630641
3742681032
1364328521
218645803
2186761969
3341076993
3597651925
4277451475
3330489796
1709771723
735756818
1495856014
2388439948
1596600846
649586881
1198600696
664650299
2517718260
2712780150
724736566
1133790958
4189391037
3590167093
1225400736
497676069
2586933589
849285496
361304962
1231099364
669720476
2911171376
3367998236
1091124176
3514501978
1247055111
2316190703
3607321891
1732056057
1251190400
2430935755
3859933920
3512935000
700245570
2349633171
3038732761
3619631673
704157852
2377539967
3766972543
2031679635
365932175
16635447
1399649918
3428481973
1690849969
4023960779
461788741
4231658361
3427363843
991139494
1998185446
198944356
2793447098
3475110213
3031137239
1105734987
3081452390
2336161273
613313100
204713045
580248104
876309331
2167431429
395994922
1642983888
465846553
1156437149
3010487695
2087607909
1411234527
2820696752
1544836721
2942925952
2416213451
1368684514
3959139702
3215553317
1852163150
3730513084
582850394
2292688512
3250993789
2456035054
1951522206
3880398720
2357072949
1062672345
3394436024
153268579
3064820709
3992075649
1456349993
554904513
3772339625
2249663419
3323647019
1709029411
2403133945
3385639504
1910761145
2036460941
590004695
3904297648
3764215834
375995186
2126982578
3351988140
3976067266
4001856220
875734028
2345917528
155980651
1667701169
293963544
2037395557
1939754305
4025178878
1832310631
1792043979
224768926
2965127965
3285193878
4230536281
3364753253
4129036646
811245566
248341727
1477619098
2647918829
2071743053
2518523746
1535824605
3656384070
3836444246
3726734887
811078602
2296137529
626893150
3195095127
3893352854
775998753
3976431350
3011959369
632850174
3416843779
4025997741
2392784275
1285327044
1702977637
1885210070
4027575365
3719961931
4005978174
4062733136
1328354840
2797280377
2190608157
2964363934
1756211769
1128752067
3130739172
3976218603
1220160158
4000346535
1324184969
952234366
3027042171
2144036526
3140681249
1209174043
3067675717
2288905405
2988056870
1201730449
22938442
3095962348
215949106
4075068
637556915
1469818621
2127910692
2151829164
2654539293
2694047575
4186924831
4238459552
2399247170
1475608266
1177986708
1285932079
462281227
2760358067
2055814677
798172392
2965046776
332140833
2872000796
2987975878
1360281676
2775411260
253841912
2013119391
59331716
3535590639
2824212718
4093482664
3216645394
2238155084
2052149389
1971406720
1051522147
3526308261
2973980742
3452380595
138846423
3678692921
2901807267
1559573344
1953137827
2677479056
4084063724
3666764070
2984423641
680972607
1918435502
2885480613
3838188156
473353088
3512645120
3765325515
169608986
216840494
2732488621
490571821
3853234615
2928336018
4139631534
2159162163
3822981586
4158986868
1118593720
83644759
3121242908
3127798823
93908730
3996055246
2440000338
942732246
3303955597
2460450713
1916597213
2116549091
3043416601
370176344
2747376289
2108228137
3432194837
1550440327
2237623036
494464041
2897663948
2470599264
410654626
3754889433
3068542967
3592479437
3274683589
2515534070
1647031089
805563549
4010807643
4191959053
4029707212
2511393155
1230655877
598948869
2477046369
3610379862
3888045683
2666273450
785270528
426611864
475206055
928363966
904528738
1729465270
1692381330
432095418
3673894071
2362078729
193708872
2338398277
520864988
1221988495
2982441906
979060991
1548762555
370277402
3310266204
2490215515
3866524545
2209604447
2936768723
1028426662
1291259996
1509356922
4006804572
867505506
931766670
3442316479
1323930829
1893696920
1373096550
704154543
1984702135
3821638131
3771220174
2433823902
242433917
2906668447
157131572
801888400
2959150354
4107007978
2899392534
1035923350
3252931082
1009141965
1525920146
3924070942
892408566
1497317293
2893217826
2477085234
3933191945
2026949102
269212192
3218989456
2787488825
880482961
2454894218
1349564834
2430699406
533001211
3474980783
3502427013
3270767661
296044754
3477039455
2081905728
564680873
2210635833
3146401059
2436954823
455246557
52138439
1143127677
1130650839
2220889192
3703609759
2054692000
1352676349
4156281845
3193073342
3524408958
2284329789
4060321529
2793847596
11555112
1228875819
2039348825
3899030104
3258845132
1825860035
2157416104
4208817696
2277713437
3744027826
3942003079
3670840805
1424127878
268851896
3246594515
2037169574
1279802731
1060222050
1909889905
2546961665
3460285690
881116285
4291077868
1590317847
4008291644
3831464716
4286772180
497935085
3754439376
1576603854
2389352211
2614655356
3338405803
1910013083
140495442
3721518349
973115257
1229911589
1426450022
4215407839
3653578807
1326619232
24512826
3837964352
4217090334
1516538782
2729285180
295693903
429742712
3300616400
3623900680
2118776962
2740618214
2207283360
2848718541
1529652942
2605720197
1990946916
2801341933
2134362380
3715710064
3407150109
2910153550
3849406451
661348641
2080305779
742382632
3584556293
1172210583
146520554
2416966994
1713740277
3867813212
1647815661
519258019
358925248
1759891527
1559462643
2511767288
740415838
2445314180
1185031452
3923646846
2907383849
2880296167
237086303
3462638127
396350900
403115394
533453098
3264740655
3495379490
3961681428
2344798647
4089678953
2569136046
2129024843
3547084560
740611239
415682869
1906701988
3617943099
1310927871
1398057362
557558106
2483590105
2601944860